similarity from: 	 	data_close
n_of_links: 	 	 	4950
threshold_array: 	 	[0.9598377676355152,0.9707866582742337,0.9813954101833389]
cardinality_array:	[18,32,1,12,24,19,20,2,14,29,2,11,3,2,20,25,4,2,10,35,7,3,1,3,8,34,5,13,13,6,18,20,1,25,10,12,22,7,14,10,11,23,1,3,1,16,1,11,1,7,2,5,2,1,6,3,15,1,11,4,1,1,21,2,15,1,6,6,9,34,1,18,17,1,27,14,2,26,2,1,20,32,20,2,27,6,1,21,1,15,1,26,1,33,1,9,2,14,1,12]

similarity from: 	 	data_volume
n_of_links: 	 	 	4950
threshold_array: 	 	[0.7364907572231746,0.7751710048056932,0.8375238046535366]
cardinality_array:	[50,31,6,10,28,27,20,6,18,10,12,17,17,25,18,37,3,15,4,11,12,5,12,2,9,12,6,13,13,10,3,38,3,18,15,17,22,25,12,1,6,19,3,8,3,7,3,3,4,14,9,6,15,2,14,3,17,7,20,21,6,3,9,27,4,1,2,7,4,20,1,18,2,1,3,9,7,3,1,9,2,6,4,19,23,33,20,4,3,1,1,3,2,14,7,1,3,10,1,1]

similarity from: 	 	data_open
n_of_links: 	 	 	4950
threshold_array: 	 	[0.9596504472418033,0.970739808238023,0.9815176142468249]
cardinality_array:	[18,32,1,12,24,19,20,1,13,30,1,11,2,2,21,25,3,2,10,35,8,3,1,3,8,35,5,13,13,6,18,20,1,26,10,12,22,7,14,11,11,23,1,3,1,17,1,11,1,6,2,4,2,1,6,1,15,1,12,4,1,1,22,2,15,1,6,6,9,34,1,18,16,1,27,14,2,26,2,1,20,33,20,2,27,6,1,22,1,15,1,26,1,33,1,8,2,14,1,12]

similarity from: 	 	data_market_cap
n_of_links: 	 	 	4950
threshold_array: 	 	[0.9645476488315503,0.9737050596019544,0.9836507594831148]
cardinality_array:	[19,34,1,9,24,27,15,1,13,23,1,12,9,27,19,22,4,3,9,34,7,5,1,3,7,33,9,13,13,7,15,17,1,13,10,12,20,5,11,8,12,21,1,1,1,20,1,11,1,7,8,5,2,1,5,1,11,1,8,13,1,1,22,2,16,1,7,4,21,29,1,19,15,1,25,12,4,29,2,1,18,29,18,11,23,5,1,20,1,12,1,26,1,33,1,8,2,11,1,10]

similarity from: 	 	data_low
n_of_links: 	 	 	4950
threshold_array: 	 	[0.9622385796804991,0.9724622317908826,0.9833422513215253]
cardinality_array:	[19,32,1,12,25,19,20,1,12,29,1,11,6,2,22,26,3,2,14,33,7,3,1,6,9,32,6,14,14,6,17,18,1,25,9,12,25,7,13,9,11,23,1,3,1,20,1,11,1,6,1,4,1,1,6,1,10,1,12,4,1,1,22,1,15,1,6,6,8,32,1,19,16,1,28,15,3,25,3,1,19,30,19,2,29,7,1,21,1,14,1,24,1,32,1,13,3,13,1,12]


similarity from: 	 	data_high
n_of_links: 	 	 	4950
threshold_array: 	 	[0.954764086916276,0.9663051532728639,0.9794888225067592]
cardinality_array:	[20,36,1,12,24,22,22,2,14,29,2,12,2,3,20,24,3,3,8,36,9,3,3,3,10,37,6,15,15,6,16,22,1,28,10,12,23,11,13,11,1,25,1,3,1,16,1,11,1,1,1,6,2,1,8,1,16,1,13,10,1,1,23,6,14,1,2,6,7,37,1,18,15,1,30,15,1,28,3,1,20,34,19,3,24,6,1,21,1,14,1,8,1,33,1,2,2,13,1,9]

similarity from: 	 	data_close_2017
n_of_links: 	 	 	2495
threshold_array: 	 	[0.9612183299008994,0.968590606214579,0.9792464720602758]
cardinality_array:	[11,19,1,2,11,7,7,1,5,14,1,1,7,22,12,16,1,24,2,15,7,2,1,1,2,20,4,2,2,1,1,1,1,21,6,10,8,2,1,13,4,1,1,1,1,12,1,5,1,13,1,1,2,1,4,1,6,1,12,5,1,1,4,9,3,1,1,4,7,19,1,12,10,1,6,8,1,15,1,1,8,21,6,13,14,3,1,8,1,11,1,6,1,16,1,4,1,11,1,9]

similarity from: 	 	data_volume_2017
n_of_links: 	 	 	2495
threshold_array: 	 	[0.7109360307806543,0.7520614302411703,0.8251534557954563]
cardinality_array:	[26,15,1,3,10,17,9,1,13,9,7,1,16,24,15,25,1,12,3,3,8,4,1,1,2,8,6,2,2,2,1,2,1,22,9,12,14,16,1,1,3,1,1,10,5,2,1,3,1,23,6,5,10,1,8,1,12,1,9,13,1,1,7,14,3,1,1,4,2,11,2,6,1,1,2,7,8,1,1,1,1,4,4,18,17,16,1,2,1,1,1,3,1,3,1,1,3,5,1,1]

similarity from: 	 	data_open_2017
n_of_links: 	 	 	2495
threshold_array: 	 	[0.9615374515893493,0.9689080337364345,0.979151084613305]
cardinality_array:	[10,19,1,2,11,6,7,1,5,13,1,1,7,23,12,17,1,24,3,15,7,2,1,1,2,20,4,2,2,1,1,1,1,21,7,10,8,2,1,13,4,1,1,1,1,13,1,5,1,13,1,1,2,1,4,1,7,1,12,5,1,1,3,8,2,1,1,4,6,19,1,12,10,1,6,8,1,15,1,1,8,21,6,12,14,3,1,9,1,11,1,7,1,15,1,4,1,12,1,9]

similarity from: 	 	data_market_cap_2017
n_of_links: 	 	 	2495
threshold_array: 	 	[0.9621548425249444,0.969683864564796,0.98049324004802]
cardinality_array:	[12,21,1,2,11,8,8,1,5,13,1,1,7,23,13,16,1,23,3,21,6,2,1,1,2,19,11,2,2,1,1,1,1,8,6,9,7,2,1,12,4,1,1,1,1,11,1,4,1,13,4,1,2,1,4,1,8,1,10,5,1,1,7,7,5,1,1,4,7,17,1,13,9,1,7,8,3,16,1,1,8,20,6,11,12,4,1,7,1,9,1,9,1,16,1,4,1,9,1,8]

similarity from: 	 	data_low_2017
n_of_links: 	 	 	2495
threshold_array: 	 	[0.9651361562564238,0.9720694445348708,0.981012989448163]
cardinality_array:	[11,18,1,2,11,9,7,1,5,13,1,1,6,23,12,17,1,25,5,15,7,1,1,1,2,20,3,2,2,1,1,1,1,19,7,9,7,1,1,11,4,1,1,1,1,14,1,5,1,13,1,1,1,1,4,1,8,1,13,3,1,1,6,9,2,1,1,4,7,18,1,11,11,1,7,8,3,15,2,1,7,19,8,10,15,4,1,6,1,12,1,6,1,14,1,4,2,11,1,10]

similarity from: 	 	data_high_2017
n_of_links: 	 	 	2495
threshold_array: 	 	[0.955265558604166,0.9637139370053984,0.9761449321224998]
cardinality_array:	[11,21,1,4,13,9,8,1,5,16,1,1,7,25,13,16,1,25,4,14,7,2,1,1,4,20,4,2,2,1,1,1,1,22,8,10,6,3,1,14,1,1,1,1,1,12,1,7,1,1,1,1,2,1,5,1,7,1,12,3,1,1,8,10,4,1,1,4,4,20,1,11,9,1,10,9,1,18,1,1,12,20,6,11,12,3,1,8,1,7,1,1,1,13,1,1,1,12,1,5]

similarity from: 	 	data_close_2016
n_of_links: 	 	 	1235
threshold_array: 	 	[0.8464393369708181,0.8846514988995254,0.9353941057665913]
cardinality_array:	[8,3,1,1,12,1,2,1,14,1,1,1,1,1,1,1,1,1,9,1,2,1,1,1,1,12,1,4,4,1,4,4,1,1,1,13,3,1,1,3,19,1,1,16,1,1,1,8,1,6,1,2,1,1,3,1,2,8,14,3,1,1,16,2,1,1,1,3,1,9,11,1,1,1,4,1,1,2,2,1,8,1,17,1,3,9,1,14,1,5,1,7,1,1,1,1,1,1,1,1]

similarity from: 	 	data_volume_2016
n_of_links: 	 	 	1235
threshold_array: 	 	[0.5810492687935018,0.6208326636832797,0.716473440337532]
cardinality_array:	[9,7,1,7,8,5,8,1,10,1,1,1,1,1,1,1,1,1,4,1,8,4,1,1,1,8,1,3,3,1,1,3,1,1,4,5,3,7,1,11,9,1,1,8,1,4,1,7,1,5,1,7,1,1,4,1,3,6,10,5,1,1,8,4,1,1,1,10,7,7,4,4,3,1,5,1,2,4,5,1,3,1,7,1,13,4,1,2,1,3,1,5,3,1,1,1,1,7,1,7]

similarity from: 	 	data_open_2016
n_of_links: 	 	 	1235
threshold_array: 	 	[0.8460754586966066,0.8846202991274328,0.9387779057158157]
cardinality_array:	[7,3,1,1,12,1,2,1,13,1,1,1,1,1,1,1,1,1,11,1,2,1,1,1,1,12,1,4,4,1,4,4,1,1,1,13,3,1,1,3,20,1,1,16,1,1,1,10,1,6,1,2,1,1,3,1,2,3,13,3,1,1,15,2,1,1,1,3,1,9,12,1,1,1,5,1,1,2,2,1,9,1,17,1,3,10,1,14,1,5,1,7,1,1,1,1,1,1,1,1]

similarity from: 	 	data_market_cap_2016
n_of_links: 	 	 	1186
threshold_array: 	 	[0.8641256103078544,0.8963319233570297,0.9387866240312474]
cardinality_array:	[6,2,1,1,13,2,3,1,12,1,1,1,1,1,1,1,1,1,7,1,1,7,1,1,1,13,1,4,4,1,4,4,1,1,1,14,6,1,1,3,18,1,1,14,1,1,1,5,1,5,1,1,1,1,3,1,2,0,12,3,1,1,15,2,1,1,1,3,1,8,12,1,1,1,5,1,1,8,1,1,8,1,16,1,5,7,1,13,1,3,1,7,1,1,1,1,1,1,1,1]

similarity from: 	 	data_low_2016
n_of_links: 	 	 	1235
threshold_array: 	 	[0.8684098260423625,0.9046736926881773,0.9495205345608297]
cardinality_array:	[7,3,1,1,9,1,2,1,13,1,1,1,1,1,1,1,1,1,9,1,2,1,1,1,1,13,1,3,3,1,2,4,1,1,1,14,2,1,1,3,17,1,1,15,1,1,1,7,1,4,1,2,1,1,3,1,2,16,12,3,1,1,16,2,1,1,1,3,1,8,12,1,1,1,14,1,1,2,2,1,8,1,16,1,3,7,1,14,1,5,1,8,1,1,1,1,1,1,1,1]

similarity from: 	 	data_high_2016
n_of_links: 	 	 	1235
threshold_array: 	 	[0.8248564605749555,0.8661238905177455,0.9273717925677756]
cardinality_array:	[8,4,1,1,12,1,3,1,13,1,1,1,1,1,1,1,1,1,10,1,2,1,1,1,1,12,1,4,4,1,4,4,1,1,1,13,5,1,1,3,19,1,1,16,1,1,1,12,1,8,1,2,1,1,3,1,4,1,14,3,1,1,15,2,1,1,1,3,1,9,12,1,1,1,1,1,1,1,2,1,8,1,17,1,5,10,1,12,1,3,1,7,1,1,1,1,1,1,1,1]

similarity from: 	 	data_close_2015
n_of_links: 	 	 	744
threshold_array: 	 	[0.8056734344857461,0.8755368460119818,0.9458688876311849]
cardinality_array:	[2,1,1,10,3,6,1,1,2,1,1,1,1,1,1,1,1,1,3,1,10,9,1,1,1,1,1,1,1,1,1,1,1,1,6,5,2,1,1,9,7,1,1,3,1,5,1,3,1,3,1,3,1,1,4,1,4,1,7,3,1,1,9,1,1,1,1,3,1,2,1,5,1,1,2,1,8,1,1,1,7,1,9,1,1,4,1,10,1,1,1,4,5,1,1,1,4,5,1,1]

similarity from: 	 	data_volume_2015
n_of_links: 	 	 	744
threshold_array: 	 	[0.6039178481792998,0.6499696404162836,0.7791958868136004]
cardinality_array:	[7,1,1,8,7,8,1,1,4,1,1,1,1,1,1,1,1,1,3,1,4,11,1,1,1,1,1,1,1,1,1,1,1,1,14,1,2,2,1,11,3,1,1,5,1,2,1,6,1,1,1,2,1,1,11,1,7,1,4,6,1,1,7,1,1,1,1,7,1,2,1,4,1,1,3,1,9,1,1,1,5,1,1,1,1,2,1,3,1,1,1,2,3,1,1,1,1,9,1,1]

similarity from: 	 	data_open_2015
n_of_links: 	 	 	744
threshold_array: 	 	[0.8076139591599294,0.8779509978401979,0.9466111312671828]
cardinality_array:	[2,1,1,9,3,6,1,1,2,1,1,1,1,1,1,1,1,1,3,1,10,10,1,1,1,1,1,1,1,1,1,1,1,1,6,5,2,1,1,9,6,1,1,3,1,4,1,3,1,2,1,3,1,1,4,1,8,1,8,3,1,1,9,1,1,1,1,3,1,2,1,4,1,1,2,1,8,1,1,1,6,1,10,1,1,4,1,10,1,1,1,3,5,1,1,1,4,5,1,1]

similarity from: 	 	data_market_cap_2015
n_of_links: 	 	 	744
threshold_array: 	 	[0.81590715368864,0.8693784719261519,0.934077859242332]
cardinality_array:	[4,1,1,8,3,8,1,1,3,1,1,1,1,1,1,1,1,1,5,1,7,5,1,1,1,1,1,1,1,1,1,1,1,1,6,2,1,6,1,9,8,1,1,3,1,4,1,1,1,4,1,4,1,1,4,1,6,1,8,5,1,1,8,1,1,1,1,4,3,2,3,4,1,1,2,1,6,1,1,1,3,1,5,1,1,5,1,9,1,1,1,5,6,1,1,1,5,5,1,1]

similarity from: 	 	data_low_2015
n_of_links: 	 	 	744
threshold_array: 	 	[0.8328306417437831,0.8849086304570315,0.9413695962605968]
cardinality_array:	[2,1,1,9,3,6,1,1,2,1,1,1,1,1,1,1,1,1,2,1,9,9,1,1,1,1,1,1,1,1,1,1,1,1,5,5,3,1,1,9,5,1,1,3,1,6,1,2,1,2,1,3,1,1,4,1,8,1,8,3,1,1,9,1,1,1,1,3,1,2,5,4,1,1,2,1,6,1,1,1,4,1,10,1,1,4,1,10,1,1,1,4,6,1,1,1,5,5,1,1]

similarity from: 	 	data_high_2015
n_of_links: 	 	 	744
threshold_array: 	 	[0.7936566007331114,0.8525403070280532,0.9434885371355382]
cardinality_array:	[3,1,1,9,3,6,1,1,3,1,1,1,1,1,1,1,1,1,2,1,10,9,1,1,1,1,1,1,1,1,1,1,1,1,6,6,3,1,1,5,5,1,1,4,1,4,1,5,1,1,1,3,1,1,4,1,6,1,7,2,1,1,10,1,1,1,1,4,1,2,1,5,1,1,3,1,7,1,1,1,10,1,9,1,1,1,1,10,1,1,1,4,4,1,1,1,4,7,1,1]
